108337212
546519103
866751593
972796736
922551949
633528362
760763314
945633372
263326259
369210262
811340518
855141227
168411100
826393469
914762393
982390132
989412798
639454215
428257075
548842148
593391006
995787118
302834501
650096176
822690794
869592633
282138155
296043259
362844040
395056443
495822546
646393558
695136567
181492816
639060652
589559834
601888694
691438219
115361694
943305619
169998431
263520340
873092178
887918419
681529925
437629164
343795642
147289398
804508747
862553353
769979052
576988101
946468595
543699744
590783334
516094900
723970412
921256091
958711089
703478042
152268917
799942243
185659100
896964867
525730692
881659802
220366927
874037513
352431431
155343882
965817594
612755915
963927680
674001932
837304937
501872689
367535498
505779386
629972819
973608164
183263604
765426372
601702232
434293751
942029846
463230622
838331980
763960996
470861890
789163566
208710077
316174981
439231125
200451000
339200010
720726894
981348813
911359217
970873370
949268868